# unix_time, cycles_done, cur_path, paths_total, pending_total, pending_favs, map_size, unique_crashes, unique_hangs, max_depth, execs_per_sec
1575988276, 0, 0, 1, 1, 1, 0.02%, 0, 0, 1, 800.00
1575988281, 0, 0, 6, 6, 1, 0.04%, 0, 0, 2, 1204.75
1575988306, 0, 3, 6, 3, 3, 0.04%, 0, 0, 2, 1283.71
1575988311, 1, 5, 6, 0, 0, 0.04%, 0, 0, 2, 1287.17
1575988317, 3, 2, 6, 0, 0, 0.04%, 0, 0, 2, 1281.20
1575988322, 4, 5, 6, 0, 0, 0.04%, 0, 0, 2, 1285.20
1575988327, 6, 3, 6, 0, 0, 0.04%, 0, 0, 2, 1300.33
1575988332, 7, 6, 8, 2, 1, 0.08%, 0, 0, 4, 1283.16
1575988337, 7, 6, 10, 4, 1, 0.10%, 0, 0, 4, 1286.85
1575988342, 7, 6, 11, 5, 1, 0.10%, 0, 0, 4, 1292.98
1575988357, 7, 7, 11, 4, 4, 0.10%, 0, 0, 4, 1293.06
1575988368, 7, 8, 11, 3, 3, 0.10%, 0, 0, 4, 1290.86
1575988378, 7, 9, 13, 4, 2, 0.13%, 0, 0, 5, 1277.92
1575988393, 7, 10, 13, 3, 3, 0.13%, 0, 0, 5, 1273.66
1575988403, 7, 10, 14, 4, 3, 0.13%, 1, 0, 5, 1263.08
1575988419, 7, 11, 14, 3, 3, 0.13%, 1, 0, 5, 1268.22
1575988424, 7, 11, 14, 3, 3, 0.13%, 2, 0, 5, 1264.02
1575988434, 7, 12, 14, 2, 2, 0.13%, 3, 0, 5, 1267.28
1575988449, 7, 13, 14, 1, 1, 0.13%, 3, 0, 5, 1267.80
1575988465, 7, 13, 16, 3, 1, 0.16%, 3, 0, 6, 1234.18
1575988475, 7, 13, 20, 7, 1, 0.16%, 3, 0, 6, 1254.24
1575988480, 7, 14, 22, 8, 4, 0.17%, 3, 0, 7, 1229.47
1575988490, 7, 14, 23, 9, 4, 0.18%, 3, 0, 7, 1217.10
1575988505, 7, 16, 26, 11, 6, 0.18%, 3, 0, 7, 1238.79
1575988511, 7, 16, 27, 12, 6, 0.18%, 3, 0, 7, 1231.81
1575988531, 7, 16, 29, 14, 6, 0.18%, 3, 0, 7, 1269.31
1575988536, 7, 18, 31, 15, 5, 0.18%, 3, 0, 7, 1222.09
1575988541, 7, 18, 31, 15, 5, 0.18%, 4, 0, 7, 1219.78
1575988556, 7, 18, 32, 16, 5, 0.18%, 4, 0, 7, 1248.83
1575988562, 7, 20, 35, 18, 6, 0.20%, 4, 0, 8, 1231.71
1575988567, 7, 20, 40, 23, 6, 0.22%, 4, 0, 8, 1216.90
1575988572, 7, 20, 41, 24, 6, 0.22%, 4, 0, 8, 1225.57
1575988577, 7, 20, 42, 25, 6, 0.22%, 4, 0, 8, 1244.84
1575988587, 7, 20, 43, 26, 6, 0.23%, 4, 0, 8, 1261.69
1575988592, 7, 20, 44, 27, 6, 0.23%, 4, 0, 8, 1257.47
1575988597, 7, 22, 46, 28, 18, 0.23%, 4, 0, 8, 1246.59
1575988618, 7, 22, 48, 30, 18, 0.23%, 4, 0, 8, 1238.23
1575988623, 7, 25, 48, 29, 18, 0.23%, 5, 0, 8, 1238.06
1575988643, 7, 27, 49, 29, 17, 0.23%, 6, 0, 8, 1198.49
1575988668, 7, 29, 49, 28, 17, 0.23%, 6, 0, 8, 1223.94
1575988694, 7, 30, 49, 27, 16, 0.23%, 6, 0, 8, 1243.47
1575988714, 7, 32, 50, 27, 15, 0.23%, 6, 0, 8, 1254.77
1575988724, 7, 32, 51, 28, 15, 0.23%, 6, 0, 9, 1220.98
1575988729, 7, 32, 52, 29, 15, 0.24%, 6, 0, 9, 1234.52
1575988745, 7, 33, 52, 28, 16, 0.24%, 6, 0, 9, 1243.14
1575988750, 7, 33, 53, 29, 16, 0.24%, 6, 0, 9, 1236.71
1575988770, 7, 34, 53, 28, 16, 0.24%, 6, 0, 9, 1255.18
1575988776, 7, 34, 54, 29, 16, 0.24%, 6, 0, 9, 1244.24
1575988796, 7, 35, 54, 28, 16, 0.24%, 7, 0, 9, 1247.97
1575988801, 7, 35, 55, 29, 16, 0.24%, 7, 0, 9, 1233.92
1575988806, 7, 35, 56, 30, 16, 0.25%, 7, 0, 9, 1235.73
1575988821, 7, 36, 57, 30, 18, 0.25%, 7, 0, 9, 1266.38
1575988831, 7, 36, 58, 31, 18, 0.25%, 7, 0, 9, 1238.74
1575988852, 7, 37, 59, 31, 19, 0.25%, 7, 0, 9, 1244.41
1575988862, 7, 37, 60, 32, 19, 0.25%, 7, 0, 9, 1210.40
1575988877, 7, 38, 62, 33, 21, 0.26%, 7, 0, 9, 1235.83
1575988908, 7, 39, 63, 33, 21, 0.26%, 7, 0, 9, 1241.90
1575988918, 7, 39, 64, 34, 21, 0.26%, 7, 0, 9, 1230.02
1575988923, 7, 39, 65, 35, 21, 0.27%, 7, 0, 9, 1249.23
1575988944, 7, 40, 65, 34, 22, 0.27%, 7, 0, 9, 1254.49
1575988969, 7, 40, 66, 35, 22, 0.27%, 7, 0, 9, 1255.10
1575988974, 7, 41, 66, 34, 22, 0.27%, 7, 0, 9, 1237.72
1575988990, 7, 41, 66, 34, 22, 0.27%, 8, 0, 9, 1232.44
1575989000, 7, 41, 68, 36, 22, 0.27%, 8, 0, 9, 1257.36
1575989005, 7, 42, 68, 35, 21, 0.27%, 8, 0, 9, 1225.04
1575989010, 7, 42, 69, 36, 21, 0.27%, 8, 0, 9, 1227.61
1575989030, 7, 42, 71, 38, 21, 0.27%, 8, 0, 9, 1255.59
1575989035, 7, 43, 71, 37, 23, 0.27%, 8, 0, 9, 1233.70
1575989061, 7, 45, 71, 36, 22, 0.27%, 8, 0, 9, 1217.58
1575989076, 7, 45, 71, 36, 22, 0.27%, 9, 0, 9, 1167.44
1575989086, 7, 45, 72, 37, 22, 0.27%, 9, 0, 9, 1217.90
1575989101, 7, 46, 73, 37, 21, 0.27%, 9, 0, 9, 1205.80
1575989117, 7, 46, 73, 37, 21, 0.27%, 10, 0, 9, 1199.37
1575989132, 7, 48, 75, 38, 20, 0.27%, 11, 0, 9, 1222.94
1575989162, 7, 50, 75, 37, 19, 0.27%, 11, 0, 9, 1220.52
1575989172, 7, 50, 76, 38, 19, 0.28%, 11, 0, 10, 1174.90
1575989188, 7, 50, 78, 40, 19, 0.28%, 11, 0, 10, 1228.41
1575989193, 7, 51, 78, 39, 19, 0.28%, 11, 0, 10, 1206.72
1575989213, 7, 51, 79, 40, 19, 0.28%, 11, 0, 10, 1242.72
1575989218, 7, 52, 81, 41, 20, 0.28%, 11, 0, 10, 1218.02
1575989249, 7, 53, 81, 40, 19, 0.28%, 11, 0, 10, 1215.90
1575989259, 7, 53, 82, 41, 19, 0.29%, 11, 0, 10, 1189.84
1575989264, 7, 53, 83, 42, 19, 0.29%, 11, 0, 10, 1231.92
1575989284, 7, 54, 83, 41, 20, 0.29%, 11, 0, 10, 1228.09
1575989310, 7, 54, 84, 42, 20, 0.29%, 11, 0, 10, 1219.97
1575989315, 7, 55, 84, 41, 19, 0.29%, 11, 0, 10, 1219.76
1575989346, 7, 56, 84, 40, 18, 0.29%, 11, 0, 10, 1210.33
1575989361, 7, 56, 84, 40, 18, 0.29%, 12, 0, 10, 1238.74
1575989371, 7, 57, 84, 39, 17, 0.29%, 12, 0, 10, 1242.97
1575989382, 7, 57, 85, 40, 17, 0.29%, 12, 0, 10, 1184.59
1575989387, 7, 57, 86, 41, 17, 0.29%, 12, 0, 10, 1215.49
