# unix_time, cycles_done, cur_path, paths_total, pending_total, pending_favs, map_size, unique_crashes, unique_hangs, max_depth, execs_per_sec
1575987707, 0, 0, 1, 1, 1, 0.02%, 0, 0, 1, 4000.00
1575987712, 1, 2, 6, 3, 0, 0.04%, 0, 0, 2, 7299.77
1575987717, 6, 5, 6, 0, 0, 0.04%, 0, 0, 2, 8046.07
1575987723, 16, 2, 6, 0, 0, 0.04%, 0, 0, 2, 8134.01
1575987728, 25, 4, 6, 0, 0, 0.04%, 0, 0, 2, 8174.06
1575987733, 34, 2, 6, 0, 0, 0.04%, 0, 0, 2, 7749.77
1575987738, 42, 4, 6, 0, 0, 0.04%, 0, 0, 2, 7378.33
1575987743, 51, 2, 6, 0, 0, 0.04%, 0, 0, 2, 7503.45
1575987748, 59, 5, 6, 0, 0, 0.04%, 0, 0, 2, 7455.71
1575987753, 68, 3, 6, 0, 0, 0.04%, 0, 0, 2, 7609.71
1575987758, 77, 4, 6, 0, 0, 0.04%, 0, 0, 2, 7920.64
1575987763, 87, 0, 6, 0, 0, 0.04%, 0, 0, 2, 7997.67
1575987768, 96, 2, 6, 0, 0, 0.04%, 0, 0, 2, 8059.37
1575987773, 105, 4, 6, 0, 0, 0.04%, 0, 0, 2, 8053.58
1575987779, 115, 0, 6, 0, 0, 0.04%, 0, 0, 2, 8091.29
1575987784, 124, 1, 6, 0, 0, 0.04%, 0, 0, 2, 7951.88
1575987789, 133, 3, 6, 0, 0, 0.04%, 0, 0, 2, 7953.41
1575987794, 142, 4, 6, 0, 0, 0.04%, 0, 0, 2, 7978.04
1575987799, 152, 0, 6, 0, 0, 0.04%, 0, 0, 2, 7978.89
1575987804, 161, 2, 6, 0, 0, 0.04%, 0, 0, 2, 8028.43
1575987809, 170, 4, 6, 0, 0, 0.04%, 0, 0, 2, 8034.53
1575987814, 179, 5, 6, 0, 0, 0.04%, 0, 0, 2, 7953.74
1575987819, 189, 0, 6, 0, 0, 0.04%, 0, 0, 2, 8012.49
1575987824, 198, 2, 6, 0, 0, 0.04%, 0, 0, 2, 8002.84
1575987830, 207, 4, 6, 0, 0, 0.04%, 0, 0, 2, 8039.55
1575987835, 217, 0, 6, 0, 0, 0.04%, 0, 0, 2, 8046.40
1575987840, 226, 2, 6, 0, 0, 0.04%, 0, 0, 2, 8053.74
1575987845, 235, 3, 6, 0, 0, 0.04%, 0, 0, 2, 8021.88
1575987850, 244, 5, 6, 0, 0, 0.04%, 0, 0, 2, 8003.19
1575987855, 253, 3, 6, 0, 0, 0.04%, 0, 0, 2, 7752.52
1575987860, 262, 5, 6, 0, 0, 0.04%, 0, 0, 2, 7983.55
1575987865, 272, 0, 6, 0, 0, 0.04%, 0, 0, 2, 8025.88
1575987870, 281, 2, 6, 0, 0, 0.04%, 0, 0, 2, 8053.56
1575987876, 290, 4, 6, 0, 0, 0.04%, 0, 0, 2, 8050.09
1575987881, 300, 0, 6, 0, 0, 0.04%, 0, 0, 2, 8030.07
1575987886, 309, 1, 6, 0, 0, 0.04%, 0, 0, 2, 8026.18
1575987891, 318, 2, 6, 0, 0, 0.04%, 0, 0, 2, 7950.77
1575987896, 327, 2, 6, 0, 0, 0.04%, 0, 0, 2, 7857.32
1575987901, 336, 2, 6, 0, 0, 0.04%, 0, 0, 2, 7893.14
1575987906, 345, 3, 6, 0, 0, 0.04%, 0, 0, 2, 7988.35
1575987911, 354, 5, 6, 0, 0, 0.04%, 0, 0, 2, 8012.86
1575987916, 364, 0, 6, 0, 0, 0.04%, 0, 0, 2, 7975.69
1575987921, 373, 2, 6, 0, 0, 0.04%, 0, 0, 2, 7990.69
1575987926, 382, 4, 6, 0, 0, 0.04%, 0, 0, 2, 8002.02
1575987932, 391, 5, 6, 0, 0, 0.04%, 0, 0, 2, 7980.44
1575987937, 401, 1, 6, 0, 0, 0.04%, 0, 0, 2, 8021.80
1575987942, 410, 2, 6, 0, 0, 0.04%, 0, 0, 2, 8037.45
1575987947, 419, 4, 6, 0, 0, 0.04%, 0, 0, 2, 8002.97
1575987952, 428, 5, 6, 0, 0, 0.04%, 0, 0, 2, 8029.89
1575987957, 438, 1, 6, 0, 0, 0.04%, 0, 0, 2, 8046.90
1575987962, 447, 3, 6, 0, 0, 0.04%, 0, 0, 2, 8026.52
1575987967, 456, 5, 6, 0, 0, 0.04%, 0, 0, 2, 8020.22
1575987972, 466, 0, 6, 0, 0, 0.04%, 0, 0, 2, 8014.83
1575987977, 475, 2, 6, 0, 0, 0.04%, 0, 0, 2, 8011.90
1575987983, 484, 3, 6, 0, 0, 0.04%, 0, 0, 2, 7977.95
1575987988, 493, 5, 6, 0, 0, 0.04%, 0, 0, 2, 7999.28
1575987993, 503, 1, 6, 0, 0, 0.04%, 0, 0, 2, 8007.11
1575987998, 512, 2, 6, 0, 0, 0.04%, 0, 0, 2, 8025.55
1575988003, 521, 4, 6, 0, 0, 0.04%, 0, 0, 2, 7999.48
1575988008, 531, 0, 6, 0, 0, 0.04%, 0, 0, 2, 8016.98
1575988013, 540, 1, 6, 0, 0, 0.04%, 0, 0, 2, 8038.96
1575988018, 549, 3, 6, 0, 0, 0.04%, 0, 0, 2, 7989.75
1575988023, 558, 4, 6, 0, 0, 0.04%, 0, 0, 2, 8021.39
1575988028, 568, 0, 6, 0, 0, 0.04%, 0, 0, 2, 8017.97
1575988034, 577, 1, 6, 0, 0, 0.04%, 0, 0, 2, 8024.89
1575988039, 586, 2, 6, 0, 0, 0.04%, 0, 0, 2, 8023.89
1575988044, 595, 4, 6, 0, 0, 0.04%, 0, 0, 2, 8004.40
1575988049, 604, 4, 6, 0, 0, 0.04%, 0, 0, 2, 7957.19
1575988054, 614, 0, 6, 0, 0, 0.04%, 0, 0, 2, 8054.36
1575988059, 623, 2, 6, 0, 0, 0.04%, 0, 0, 2, 8037.37
1575988064, 632, 2, 6, 0, 0, 0.04%, 0, 0, 2, 8007.95
1575988069, 641, 3, 6, 0, 0, 0.04%, 0, 0, 2, 8003.44
1575988074, 650, 5, 6, 0, 0, 0.04%, 0, 0, 2, 8001.46
1575988079, 660, 1, 6, 0, 0, 0.04%, 0, 0, 2, 7992.44
1575988084, 669, 2, 6, 0, 0, 0.04%, 0, 0, 2, 7961.18
1575988090, 678, 3, 6, 0, 0, 0.04%, 0, 0, 2, 7956.32
1575988095, 687, 4, 6, 0, 0, 0.04%, 0, 0, 2, 7957.33
1575988100, 696, 5, 6, 0, 0, 0.04%, 0, 0, 2, 7971.01
1575988105, 706, 1, 6, 0, 0, 0.04%, 0, 0, 2, 8032.13
1575988110, 715, 2, 6, 0, 0, 0.04%, 0, 0, 2, 8018.92
1575988115, 724, 4, 6, 0, 0, 0.04%, 0, 0, 2, 8059.20
1575988120, 733, 3, 6, 0, 0, 0.04%, 0, 0, 2, 7769.34
1575988125, 742, 4, 6, 0, 0, 0.04%, 0, 0, 2, 7913.23
1575988130, 751, 4, 6, 0, 0, 0.04%, 0, 0, 2, 7958.47
1575988135, 760, 5, 6, 0, 0, 0.04%, 0, 0, 2, 7873.45
1575988140, 770, 0, 6, 0, 0, 0.04%, 0, 0, 2, 7889.12
1575988145, 779, 1, 6, 0, 0, 0.04%, 0, 0, 2, 7933.56
1575988151, 788, 2, 6, 0, 0, 0.04%, 0, 0, 2, 7884.82
1575988156, 796, 4, 6, 0, 0, 0.04%, 0, 0, 2, 7455.17
1575988161, 805, 4, 6, 0, 0, 0.04%, 0, 0, 2, 7755.30
1575988166, 814, 5, 6, 0, 0, 0.04%, 0, 0, 2, 7952.96
1575988171, 824, 0, 6, 0, 0, 0.04%, 0, 0, 2, 7932.34
1575988176, 833, 1, 6, 0, 0, 0.04%, 0, 0, 2, 8014.10
1575988181, 842, 2, 6, 0, 0, 0.04%, 0, 0, 2, 7993.39
1575988186, 851, 3, 6, 0, 0, 0.04%, 0, 0, 2, 7995.30
1575988191, 860, 5, 6, 0, 0, 0.04%, 0, 0, 2, 8026.56
1575988196, 870, 0, 6, 0, 0, 0.04%, 0, 0, 2, 8000.71
1575988201, 879, 1, 6, 0, 0, 0.04%, 0, 0, 2, 7993.51
1575988207, 888, 3, 6, 0, 0, 0.04%, 0, 0, 2, 8025.25
1575988212, 897, 3, 6, 0, 0, 0.04%, 0, 0, 2, 7864.40
1575988217, 906, 4, 6, 0, 0, 0.04%, 0, 0, 2, 7867.12
1575988222, 915, 4, 6, 0, 0, 0.04%, 0, 0, 2, 7863.92
1575988227, 924, 5, 6, 0, 0, 0.04%, 0, 0, 2, 7907.67
1575988232, 933, 5, 6, 0, 0, 0.04%, 0, 0, 2, 7843.15
1575988237, 943, 0, 6, 0, 0, 0.04%, 0, 0, 2, 7904.48
1575988242, 952, 1, 6, 0, 0, 0.04%, 0, 0, 2, 8002.98
1575988247, 961, 1, 6, 0, 0, 0.04%, 0, 0, 2, 7775.24
1575988252, 970, 1, 6, 0, 0, 0.04%, 0, 0, 2, 7900.08
1575988257, 979, 2, 6, 0, 0, 0.04%, 0, 0, 2, 7904.28
1575988262, 988, 2, 6, 0, 0, 0.04%, 0, 0, 2, 7942.27
1575988267, 997, 3, 6, 0, 0, 0.04%, 0, 0, 2, 7885.02
1575988273, 1006, 3, 6, 0, 0, 0.04%, 0, 0, 2, 7874.90
1575988278, 1015, 3, 6, 0, 0, 0.04%, 0, 0, 2, 7797.99
1575988283, 1024, 2, 6, 0, 0, 0.04%, 0, 0, 2, 7634.11
1575988288, 1033, 0, 6, 0, 0, 0.04%, 0, 0, 2, 7551.77
1575988293, 1041, 3, 6, 0, 0, 0.04%, 0, 0, 2, 7550.03
1575988298, 1050, 1, 6, 0, 0, 0.04%, 0, 0, 2, 7522.11
1575988303, 1058, 4, 6, 0, 0, 0.04%, 0, 0, 2, 7452.68
1575988308, 1067, 2, 6, 0, 0, 0.04%, 0, 0, 2, 7456.47
1575988313, 1075, 5, 6, 0, 0, 0.04%, 0, 0, 2, 7428.43
1575988318, 1084, 3, 6, 0, 0, 0.04%, 0, 0, 2, 7514.16
1575988323, 1093, 1, 6, 0, 0, 0.04%, 0, 0, 2, 7489.95
1575988329, 1101, 5, 6, 0, 0, 0.04%, 0, 0, 2, 7479.09
1575988334, 1110, 2, 6, 0, 0, 0.04%, 0, 0, 2, 7487.58
1575988339, 1119, 0, 6, 0, 0, 0.04%, 0, 0, 2, 7500.34
1575988344, 1127, 4, 6, 0, 0, 0.04%, 0, 0, 2, 7520.75
1575988349, 1136, 1, 6, 0, 0, 0.04%, 0, 0, 2, 7510.61
1575988354, 1144, 5, 6, 0, 0, 0.04%, 0, 0, 2, 7511.49
1575988359, 1153, 3, 6, 0, 0, 0.04%, 0, 0, 2, 7515.01
1575988364, 1162, 1, 6, 0, 0, 0.04%, 0, 0, 2, 7498.76
1575988369, 1170, 4, 6, 0, 0, 0.04%, 0, 0, 2, 7455.26
1575988374, 1179, 1, 6, 0, 0, 0.04%, 0, 0, 2, 7422.35
1575988379, 1187, 5, 6, 0, 0, 0.04%, 0, 0, 2, 7466.42
1575988384, 1196, 3, 6, 0, 0, 0.04%, 0, 0, 2, 7417.43
1575988390, 1205, 0, 6, 0, 0, 0.04%, 0, 0, 2, 7396.34
1575988395, 1213, 3, 6, 0, 0, 0.04%, 0, 0, 2, 7399.28
1575988400, 1222, 1, 6, 0, 0, 0.04%, 0, 0, 2, 7457.06
1575988405, 1230, 5, 6, 0, 0, 0.04%, 0, 0, 2, 7460.28
1575988410, 1239, 3, 6, 0, 0, 0.04%, 0, 0, 2, 7516.57
1575988415, 1248, 1, 6, 0, 0, 0.04%, 0, 0, 2, 7478.00
1575988420, 1256, 5, 6, 0, 0, 0.04%, 0, 0, 2, 7508.86
1575988425, 1265, 2, 6, 0, 0, 0.04%, 0, 0, 2, 7444.72
1575988430, 1274, 1, 6, 0, 0, 0.04%, 0, 0, 2, 7524.79
1575988435, 1282, 4, 6, 0, 0, 0.04%, 0, 0, 2, 7512.46
1575988440, 1291, 2, 6, 0, 0, 0.04%, 0, 0, 2, 7464.22
1575988446, 1300, 0, 6, 0, 0, 0.04%, 0, 0, 2, 7485.51
1575988451, 1308, 4, 6, 0, 0, 0.04%, 0, 0, 2, 7509.34
1575988456, 1317, 2, 6, 0, 0, 0.04%, 0, 0, 2, 7504.53
1575988461, 1324, 6, 7, 1, 0, 0.06%, 0, 0, 2, 7546.19
1575988466, 1331, 1, 7, 0, 0, 0.06%, 0, 0, 2, 7512.94
1575988471, 1337, 4, 7, 0, 0, 0.06%, 0, 0, 2, 7547.10
1575988476, 1343, 3, 7, 0, 0, 0.06%, 0, 0, 2, 7540.91
1575988481, 1349, 5, 7, 0, 0, 0.06%, 0, 0, 2, 7550.00
1575988486, 1355, 6, 7, 0, 0, 0.06%, 0, 0, 2, 7505.53
1575988492, 1362, 1, 7, 0, 0, 0.06%, 0, 0, 2, 7495.50
1575988497, 1368, 2, 7, 0, 0, 0.06%, 0, 0, 2, 7481.86
1575988502, 1374, 2, 7, 0, 0, 0.06%, 0, 0, 2, 7464.73
1575988507, 1380, 4, 7, 0, 0, 0.06%, 0, 0, 2, 7523.79
1575988512, 1386, 6, 7, 0, 0, 0.06%, 0, 0, 2, 7516.53
1575988517, 1393, 1, 7, 0, 0, 0.06%, 0, 0, 2, 7510.32
1575988522, 1399, 3, 7, 0, 0, 0.06%, 0, 0, 2, 7539.05
1575988527, 1405, 5, 7, 0, 0, 0.06%, 0, 0, 2, 7518.45
1575988533, 1411, 6, 7, 0, 0, 0.06%, 0, 0, 2, 7494.52
1575988538, 1417, 6, 7, 0, 0, 0.06%, 0, 0, 2, 7506.48
1575988543, 1424, 1, 7, 0, 0, 0.06%, 0, 0, 2, 7519.98
1575988548, 1430, 3, 7, 0, 0, 0.06%, 0, 0, 2, 7527.27
1575988553, 1436, 5, 7, 0, 0, 0.06%, 0, 0, 2, 7476.42
1575988558, 1442, 6, 7, 0, 0, 0.06%, 0, 0, 2, 7489.46
1575988563, 1449, 1, 7, 0, 0, 0.06%, 0, 0, 2, 7485.84
1575988568, 1455, 5, 7, 0, 0, 0.06%, 0, 0, 2, 7503.99
1575988574, 1462, 0, 7, 0, 0, 0.06%, 0, 0, 2, 7534.08
1575988579, 1468, 2, 7, 0, 0, 0.06%, 0, 0, 2, 7501.66
1575988584, 1474, 4, 7, 0, 0, 0.06%, 0, 0, 2, 7532.95
1575988589, 1480, 6, 7, 0, 0, 0.06%, 0, 0, 2, 7523.39
1575988594, 1487, 2, 7, 0, 0, 0.06%, 0, 0, 2, 7517.90
1575988599, 1493, 5, 7, 0, 0, 0.06%, 0, 0, 2, 7523.03
1575988605, 1499, 6, 7, 0, 0, 0.06%, 0, 0, 2, 7564.76
1575988610, 1506, 3, 7, 0, 0, 0.06%, 0, 0, 2, 7518.73
1575988615, 1512, 6, 7, 0, 0, 0.06%, 0, 0, 2, 7518.67
1575988620, 1519, 0, 7, 0, 0, 0.06%, 0, 0, 2, 7469.55
1575988625, 1525, 2, 7, 0, 0, 0.06%, 0, 0, 2, 7503.95
1575988630, 1531, 3, 7, 0, 0, 0.06%, 0, 0, 2, 7411.53
1575988635, 1537, 6, 7, 0, 0, 0.06%, 0, 0, 2, 7539.79
1575988640, 1543, 6, 7, 0, 0, 0.06%, 0, 0, 2, 7035.21
1575988646, 1549, 4, 7, 0, 0, 0.06%, 0, 0, 2, 7111.04
1575988651, 1555, 1, 7, 0, 0, 0.06%, 0, 0, 2, 6824.59
1575988656, 1560, 6, 7, 0, 0, 0.06%, 0, 0, 2, 6905.81
1575988661, 1566, 4, 7, 0, 0, 0.06%, 0, 0, 2, 6841.19
1575988666, 1572, 3, 7, 0, 0, 0.06%, 0, 0, 2, 6923.80
1575988671, 1578, 2, 7, 0, 0, 0.06%, 0, 0, 2, 7160.80
1575988677, 1584, 1, 7, 0, 0, 0.06%, 0, 0, 2, 7292.12
1575988682, 1589, 6, 7, 0, 0, 0.06%, 0, 0, 2, 6814.17
1575988687, 1596, 1, 7, 0, 0, 0.06%, 0, 0, 2, 7376.39
1575988692, 1602, 0, 7, 0, 0, 0.06%, 0, 0, 2, 7371.23
1575988697, 1608, 0, 7, 0, 0, 0.06%, 0, 0, 2, 7255.78
1575988702, 1614, 1, 7, 0, 0, 0.06%, 0, 0, 2, 7481.48
1575988707, 1620, 4, 7, 0, 0, 0.06%, 0, 0, 2, 7537.50
1575988713, 1626, 6, 7, 0, 0, 0.06%, 0, 0, 2, 7482.74
1575988718, 1632, 6, 7, 0, 0, 0.06%, 0, 0, 2, 7490.92
1575988723, 1639, 0, 7, 0, 0, 0.06%, 0, 0, 2, 7515.99
1575988728, 1645, 1, 7, 0, 0, 0.06%, 0, 0, 2, 7488.34
1575988733, 1651, 4, 7, 0, 0, 0.06%, 0, 0, 2, 7524.16
1575988738, 1658, 3, 7, 0, 0, 0.06%, 0, 0, 2, 7542.04
1575988743, 1666, 5, 7, 0, 0, 0.06%, 0, 0, 2, 7534.88
1575988749, 1674, 6, 7, 0, 0, 0.06%, 0, 0, 2, 7537.06
1575988754, 1683, 0, 7, 0, 0, 0.06%, 0, 0, 2, 7548.70
1575988759, 1691, 1, 7, 0, 0, 0.06%, 0, 0, 2, 7567.50
1575988764, 1699, 3, 7, 0, 0, 0.06%, 0, 0, 2, 7561.61
1575988769, 1707, 5, 7, 0, 0, 0.06%, 0, 0, 2, 7584.78
1575988774, 1716, 0, 7, 0, 0, 0.06%, 0, 0, 2, 7579.76
1575988779, 1724, 2, 7, 0, 0, 0.06%, 0, 0, 2, 7562.15
1575988784, 1732, 5, 7, 0, 0, 0.06%, 0, 0, 2, 7583.81
1575988789, 1741, 0, 7, 0, 0, 0.06%, 0, 0, 2, 7590.70
1575988794, 1749, 1, 7, 0, 0, 0.06%, 0, 0, 2, 7572.56
1575988799, 1757, 3, 7, 0, 0, 0.06%, 0, 0, 2, 7583.05
1575988805, 1765, 5, 7, 0, 0, 0.06%, 0, 0, 2, 7602.35
1575988810, 1773, 6, 7, 0, 0, 0.06%, 0, 0, 2, 7575.07
1575988815, 1782, 0, 7, 0, 0, 0.06%, 0, 0, 2, 7565.80
1575988820, 1790, 2, 7, 0, 0, 0.06%, 0, 0, 2, 7588.29
1575988825, 1798, 3, 7, 0, 0, 0.06%, 0, 0, 2, 7586.38
1575988830, 1806, 3, 7, 0, 0, 0.06%, 0, 0, 2, 7415.36
1575988835, 1814, 5, 7, 0, 0, 0.06%, 0, 0, 2, 7522.82
1575988840, 1823, 0, 7, 0, 0, 0.06%, 0, 0, 2, 7557.32
1575988845, 1831, 2, 7, 0, 0, 0.06%, 0, 0, 2, 7582.47
1575988850, 1839, 2, 7, 0, 0, 0.06%, 0, 0, 2, 7527.19
1575988855, 1847, 4, 7, 0, 0, 0.06%, 0, 0, 2, 7402.43
1575988861, 1855, 2, 7, 0, 0, 0.06%, 0, 0, 2, 7162.33
1575988866, 1862, 6, 7, 0, 0, 0.06%, 0, 0, 2, 6878.31
1575988871, 1870, 4, 7, 0, 0, 0.06%, 0, 0, 2, 6972.12
1575988876, 1878, 0, 7, 0, 0, 0.06%, 0, 0, 2, 7036.59
1575988881, 1885, 1, 7, 0, 0, 0.06%, 0, 0, 2, 6447.66
1575988886, 1892, 6, 7, 0, 0, 0.06%, 0, 0, 2, 6773.51
1575988891, 1899, 4, 7, 0, 0, 0.06%, 0, 0, 2, 6362.07
1575988896, 1907, 2, 7, 0, 0, 0.06%, 0, 0, 2, 6965.07
1575988901, 1915, 1, 7, 0, 0, 0.06%, 0, 0, 2, 7091.30
1575988906, 1923, 2, 7, 0, 0, 0.06%, 0, 0, 2, 7469.04
1575988912, 1931, 3, 7, 0, 0, 0.06%, 0, 0, 2, 7346.30
1575988917, 1939, 4, 7, 0, 0, 0.06%, 0, 0, 2, 7453.88
1575988922, 1947, 6, 7, 0, 0, 0.06%, 0, 0, 2, 7521.92
1575988927, 1956, 1, 7, 0, 0, 0.06%, 0, 0, 2, 7508.52
1575988932, 1964, 2, 7, 0, 0, 0.06%, 0, 0, 2, 7530.29
1575988937, 1972, 2, 7, 0, 0, 0.06%, 0, 0, 2, 7359.85
1575988942, 1980, 3, 7, 0, 0, 0.06%, 0, 0, 2, 7460.05
1575988947, 1988, 4, 7, 0, 0, 0.06%, 0, 0, 2, 7508.97
1575988952, 1996, 6, 7, 0, 0, 0.06%, 0, 0, 2, 7495.04
1575988957, 2005, 0, 7, 0, 0, 0.06%, 0, 0, 2, 7496.78
1575988963, 2013, 2, 7, 0, 0, 0.06%, 0, 0, 2, 7512.24
1575988968, 2021, 3, 7, 0, 0, 0.06%, 0, 0, 2, 7505.80
1575988973, 2029, 3, 7, 0, 0, 0.06%, 0, 0, 2, 7379.27
1575988978, 2037, 2, 7, 0, 0, 0.06%, 0, 0, 2, 7273.13
1575988983, 2045, 2, 7, 0, 0, 0.06%, 0, 0, 2, 7399.54
1575988988, 2053, 4, 7, 0, 0, 0.06%, 0, 0, 2, 7387.87
1575988993, 2061, 3, 7, 0, 0, 0.06%, 0, 0, 2, 7302.42
1575988998, 2069, 4, 7, 0, 0, 0.06%, 0, 0, 2, 7220.86
1575989003, 2077, 4, 7, 0, 0, 0.06%, 0, 0, 2, 7294.50
1575989009, 2085, 4, 7, 0, 0, 0.06%, 0, 0, 2, 7366.01
1575989014, 2093, 3, 7, 0, 0, 0.06%, 0, 0, 2, 7323.02
1575989019, 2101, 4, 7, 0, 0, 0.06%, 0, 0, 2, 7475.88
1575989024, 2109, 5, 7, 0, 0, 0.06%, 0, 0, 2, 7442.47
1575989029, 2118, 0, 7, 0, 0, 0.06%, 0, 0, 2, 7421.55
1575989034, 2125, 5, 7, 0, 0, 0.06%, 0, 0, 2, 7237.86
1575989039, 2133, 4, 7, 0, 0, 0.06%, 0, 0, 2, 7104.49
1575989044, 2141, 3, 7, 0, 0, 0.06%, 0, 0, 2, 7298.97
1575989049, 2149, 4, 7, 0, 0, 0.06%, 0, 0, 2, 7254.20
1575989055, 2156, 6, 7, 0, 0, 0.06%, 0, 0, 2, 6870.49
1575989060, 2164, 1, 7, 0, 0, 0.06%, 0, 0, 2, 6802.00
1575989065, 2171, 5, 7, 0, 0, 0.06%, 0, 0, 2, 6956.78
1575989070, 2179, 1, 7, 0, 0, 0.06%, 0, 0, 2, 6654.41
1575989075, 2186, 0, 7, 0, 0, 0.06%, 0, 0, 2, 6373.45
1575989080, 2193, 3, 7, 0, 0, 0.06%, 0, 0, 2, 6751.59
1575989085, 2201, 0, 7, 0, 0, 0.06%, 0, 0, 2, 6844.02
1575989090, 2208, 2, 7, 0, 0, 0.06%, 0, 0, 2, 6880.66
1575989095, 2215, 4, 7, 0, 0, 0.06%, 0, 0, 2, 6610.68
1575989101, 2223, 0, 7, 0, 0, 0.06%, 0, 0, 2, 6670.74
1575989106, 2230, 5, 7, 0, 0, 0.06%, 0, 0, 2, 6948.66
1575989111, 2238, 2, 7, 0, 0, 0.06%, 0, 0, 2, 6955.17
1575989116, 2245, 5, 7, 0, 0, 0.06%, 0, 0, 2, 6888.27
1575989121, 2252, 6, 7, 0, 0, 0.06%, 0, 0, 2, 6490.72
1575989126, 2260, 1, 7, 0, 0, 0.06%, 0, 0, 2, 6703.07
1575989131, 2267, 3, 7, 0, 0, 0.06%, 0, 0, 2, 6844.63
1575989136, 2274, 5, 7, 0, 0, 0.06%, 0, 0, 2, 6541.73
1575989141, 2282, 1, 7, 0, 0, 0.06%, 0, 0, 2, 6835.57
1575989146, 2289, 3, 7, 0, 0, 0.06%, 0, 0, 2, 6822.10
1575989151, 2296, 5, 7, 0, 0, 0.06%, 0, 0, 2, 6668.01
1575989157, 2304, 2, 7, 0, 0, 0.06%, 0, 0, 2, 6956.52
1575989162, 2312, 0, 7, 0, 0, 0.06%, 0, 0, 2, 7006.82
1575989167, 2319, 4, 7, 0, 0, 0.06%, 0, 0, 2, 7015.47
1575989172, 2326, 6, 7, 0, 0, 0.06%, 0, 0, 2, 6717.47
1575989177, 2334, 3, 7, 0, 0, 0.06%, 0, 0, 2, 6893.46
1575989182, 2341, 5, 7, 0, 0, 0.06%, 0, 0, 2, 6659.64
1575989187, 2349, 1, 7, 0, 0, 0.06%, 0, 0, 2, 6755.46
1575989192, 2356, 6, 7, 0, 0, 0.06%, 0, 0, 2, 6932.91
1575989197, 2364, 2, 7, 0, 0, 0.06%, 0, 0, 2, 6765.14
1575989202, 2371, 4, 7, 0, 0, 0.06%, 0, 0, 2, 6796.73
1575989208, 2379, 0, 7, 0, 0, 0.06%, 0, 0, 2, 6921.43
1575989213, 2386, 5, 7, 0, 0, 0.06%, 0, 0, 2, 6977.97
1575989218, 2394, 0, 7, 0, 0, 0.06%, 0, 0, 2, 6837.40
1575989223, 2401, 2, 7, 0, 0, 0.06%, 0, 0, 2, 6634.62
1575989228, 2409, 0, 7, 0, 0, 0.06%, 0, 0, 2, 6929.96
1575989233, 2416, 2, 7, 0, 0, 0.06%, 0, 0, 2, 6821.19
1575989238, 2424, 0, 7, 0, 0, 0.06%, 0, 0, 2, 6965.15
1575989243, 2431, 5, 7, 0, 0, 0.06%, 0, 0, 2, 7048.64
1575989248, 2439, 2, 7, 0, 0, 0.06%, 0, 0, 2, 7011.94
1575989254, 2447, 1, 7, 0, 0, 0.06%, 0, 0, 2, 7069.02
1575989259, 2454, 6, 7, 0, 0, 0.06%, 0, 0, 2, 7062.87
1575989264, 2462, 4, 7, 0, 0, 0.06%, 0, 0, 2, 7060.86
1575989269, 2470, 2, 7, 0, 0, 0.06%, 0, 0, 2, 7053.01
1575989274, 2477, 5, 7, 0, 0, 0.06%, 0, 0, 2, 6955.04
1575989279, 2485, 3, 7, 0, 0, 0.06%, 0, 0, 2, 7000.30
1575989284, 2493, 0, 7, 0, 0, 0.06%, 0, 0, 2, 7005.75
1575989289, 2500, 4, 7, 0, 0, 0.06%, 0, 0, 2, 6973.90
1575989294, 2507, 6, 7, 0, 0, 0.06%, 0, 0, 2, 6768.27
1575989299, 2515, 3, 7, 0, 0, 0.06%, 0, 0, 2, 6941.45
1575989305, 2522, 6, 7, 0, 0, 0.06%, 0, 0, 2, 6762.10
1575989310, 2530, 2, 7, 0, 0, 0.06%, 0, 0, 2, 6795.85
1575989315, 2537, 6, 7, 0, 0, 0.06%, 0, 0, 2, 6901.54
1575989320, 2545, 3, 7, 0, 0, 0.06%, 0, 0, 2, 6927.14
1575989325, 2553, 0, 7, 0, 0, 0.06%, 0, 0, 2, 6946.90
1575989330, 2560, 5, 7, 0, 0, 0.06%, 0, 0, 2, 6918.37
1575989335, 2568, 3, 7, 0, 0, 0.06%, 0, 0, 2, 6945.50
1575989340, 2576, 1, 7, 0, 0, 0.06%, 0, 0, 2, 7025.51
1575989345, 2583, 6, 7, 0, 0, 0.06%, 0, 0, 2, 7014.45
1575989350, 2591, 5, 7, 0, 0, 0.06%, 0, 0, 2, 7092.17
1575989356, 2599, 3, 7, 0, 0, 0.06%, 0, 0, 2, 7066.76
1575989361, 2607, 2, 7, 0, 0, 0.06%, 0, 0, 2, 7076.24
1575989366, 2615, 0, 7, 0, 0, 0.06%, 0, 0, 2, 7051.80
1575989371, 2622, 4, 7, 0, 0, 0.06%, 0, 0, 2, 7018.42
1575989376, 2630, 2, 7, 0, 0, 0.06%, 0, 0, 2, 7021.89
1575989381, 2637, 5, 7, 0, 0, 0.06%, 0, 0, 2, 6809.21
1575989386, 2645, 2, 7, 0, 0, 0.06%, 0, 0, 2, 6953.69
1575989391, 2653, 0, 7, 0, 0, 0.06%, 0, 0, 2, 7019.14
1575989396, 2660, 5, 7, 0, 0, 0.06%, 0, 0, 2, 6999.28
1575989401, 2667, 1, 7, 0, 0, 0.06%, 0, 0, 2, 7412.00
